(kicad_pcb (version 20171130) (host pcbnew "(5.0.0)")

  (general
    (thickness 1.6)
    (drawings 23)
    (tracks 137)
    (zones 0)
    (modules 28)
    (nets 26)
  )

  (page A)
  (title_block
    (title STEMStar)
    (date "Saturday, May 23, 2015")
    (rev B)
    (company "Attribution-NonCommercial-ShareAlike 4.0 International")
    (comment 1 "Creative Commons Licensed")
    (comment 3 "Northrop Grumman STEM@NGUS")
  )

  (layers
    (0 F.Cu signal)
    (31 B.Cu signal)
    (32 B.Adhes user)
    (33 F.Adhes user)
    (34 B.Paste user)
    (35 F.Paste user)
    (36 B.SilkS user)
    (37 F.SilkS user)
    (38 B.Mask user)
    (39 F.Mask user)
    (40 Dwgs.User user)
    (41 Cmts.User user)
    (42 Eco1.User user)
    (43 Eco2.User user)
    (44 Edge.Cuts user)
  )

  (setup
    (last_trace_width 0.5)
    (trace_clearance 0.254)
    (zone_clearance 0.508)
    (zone_45_only no)
    (trace_min 0.2)
    (segment_width 0.1)
    (edge_width 0.1)
    (via_size 0.889)
    (via_drill 0.635)
    (via_min_size 0.889)
    (via_min_drill 0.508)
    (uvia_size 0.508)
    (uvia_drill 0.127)
    (uvias_allowed no)
    (uvia_min_size 0.508)
    (uvia_min_drill 0.127)
    (pcb_text_width 0.3)
    (pcb_text_size 1.5 1.5)
    (mod_edge_width 0.15)
    (mod_text_size 1 1)
    (mod_text_width 0.15)
    (pad_size 0.85 0.85)
    (pad_drill 0.85)
    (pad_to_mask_clearance 0)
    (aux_axis_origin 0 0)
    (visible_elements 7FFFFFFF)
    (pcbplotparams
      (layerselection 0x011fc_ffffffff)
      (usegerberextensions true)
      (usegerberattributes false)
      (usegerberadvancedattributes false)
      (creategerberjobfile false)
      (excludeedgelayer false)
      (linewidth 0.150000)
      (plotframeref false)
      (viasonmask false)
      (mode 1)
      (useauxorigin false)
      (hpglpennumber 1)
      (hpglpenspeed 20)
      (hpglpendiameter 15.000000)
      (psnegative false)
      (psa4output false)
      (plotreference true)
      (plotvalue true)
      (plotinvisibletext false)
      (padsonsilk false)
      (subtractmaskfromsilk false)
      (outputformat 1)
      (mirror false)
      (drillshape 0)
      (scaleselection 1)
      (outputdirectory "Manufacturing Data/"))
  )

  (net 0 "")
  (net 1 GND)
  (net 2 "Net-(C1-Pad1)")
  (net 3 "Net-(C2-Pad1)")
  (net 4 "Net-(C5-Pad1)")
  (net 5 "Net-(Q5-Pad3)")
  (net 6 "Net-(Q4-Pad3)")
  (net 7 "Net-(C4-Pad1)")
  (net 8 "Net-(C3-Pad1)")
  (net 9 "Net-(Q3-Pad3)")
  (net 10 "Net-(Q2-Pad3)")
  (net 11 "Net-(Q1-Pad3)")
  (net 12 "Net-(S1-Pad1)")
  (net 13 "Net-(S1-Pad4)")
  (net 14 /+6V)
  (net 15 /+6V_Switched)
  (net 16 "Net-(D5-Pad2)")
  (net 17 "Net-(D5-Pad1)")
  (net 18 "Net-(D2-Pad2)")
  (net 19 "Net-(D2-Pad1)")
  (net 20 "Net-(D1-Pad2)")
  (net 21 "Net-(D1-Pad1)")
  (net 22 "Net-(D3-Pad1)")
  (net 23 "Net-(D3-Pad2)")
  (net 24 "Net-(D4-Pad2)")
  (net 25 "Net-(D4-Pad1)")

  (net_class Default "This is the default net class."
    (clearance 0.254)
    (trace_width 0.5)
    (via_dia 0.889)
    (via_drill 0.635)
    (uvia_dia 0.508)
    (uvia_drill 0.127)
    (add_net /+6V)
    (add_net /+6V_Switched)
    (add_net GND)
    (add_net "Net-(C1-Pad1)")
    (add_net "Net-(C2-Pad1)")
    (add_net "Net-(C3-Pad1)")
    (add_net "Net-(C4-Pad1)")
    (add_net "Net-(C5-Pad1)")
    (add_net "Net-(D1-Pad1)")
    (add_net "Net-(D1-Pad2)")
    (add_net "Net-(D2-Pad1)")
    (add_net "Net-(D2-Pad2)")
    (add_net "Net-(D3-Pad1)")
    (add_net "Net-(D3-Pad2)")
    (add_net "Net-(D4-Pad1)")
    (add_net "Net-(D4-Pad2)")
    (add_net "Net-(D5-Pad1)")
    (add_net "Net-(D5-Pad2)")
    (add_net "Net-(Q1-Pad3)")
    (add_net "Net-(Q2-Pad3)")
    (add_net "Net-(Q3-Pad3)")
    (add_net "Net-(Q4-Pad3)")
    (add_net "Net-(Q5-Pad3)")
    (add_net "Net-(S1-Pad1)")
    (add_net "Net-(S1-Pad4)")
  )

  (module windgassen:Keystone_3024-2_2x20mm-CoinCell (layer B.Cu) (tedit 5BF8A553) (tstamp 55602287)
    (at 137.29 105)
    (descr "Keystone 3034 SMD battery holder for 2020, 2025 and 2032 coincell batteries. http://www.keyelco.com/product-pdf.cfm?p=798")
    (tags "Keystone type 3034 coin cell retainer")
    (path /53E43E12)
    (attr smd)
    (fp_text reference BT1 (at 0 11.5) (layer B.SilkS)
      (effects (font (size 1 1) (thickness 0.15)) (justify mirror))
    )
    (fp_text value BATTERY (at 0 -11.5) (layer B.Fab)
      (effects (font (size 1 1) (thickness 0.15)) (justify mirror))
    )
    (fp_line (start 11.87 -2.79) (end 11.87 2.79) (layer B.CrtYd) (width 0.05))
    (fp_line (start 10.88 -2.79) (end 11.87 -2.79) (layer B.CrtYd) (width 0.05))
    (fp_line (start 10.88 -3.64) (end 10.88 -2.79) (layer B.CrtYd) (width 0.05))
    (fp_line (start 9.43 -7.63) (end 10.88 -3.64) (layer B.CrtYd) (width 0.05))
    (fp_arc (start 7.31 -6.85) (end 5.96 -8.64) (angle 106.9) (layer B.CrtYd) (width 0.05))
    (fp_arc (start 0 0) (end -5.96 -8.64) (angle 69.1) (layer B.CrtYd) (width 0.05))
    (fp_arc (start -7.31 -6.85) (end -9.43 -7.62) (angle 106.9) (layer B.CrtYd) (width 0.05))
    (fp_line (start -10.88 -3.64) (end -9.44 -7.62) (layer B.CrtYd) (width 0.05))
    (fp_line (start -10.88 -2.79) (end -10.88 -3.64) (layer B.CrtYd) (width 0.05))
    (fp_line (start -11.87 -2.79) (end -10.88 -2.79) (layer B.CrtYd) (width 0.05))
    (fp_line (start -11.87 2.79) (end -11.87 -2.79) (layer B.CrtYd) (width 0.05))
    (fp_line (start -10.88 2.79) (end -11.87 2.79) (layer B.CrtYd) (width 0.05))
    (fp_line (start -10.88 5.5) (end -10.88 2.79) (layer B.CrtYd) (width 0.05))
    (fp_line (start -8.74 7.64) (end -10.88 5.5) (layer B.CrtYd) (width 0.05))
    (fp_line (start -7.2 7.64) (end -8.74 7.64) (layer B.CrtYd) (width 0.05))
    (fp_arc (start 0 0) (end 7.2 7.64) (angle 86.6) (layer B.CrtYd) (width 0.05))
    (fp_line (start 8.74 7.64) (end 7.2 7.64) (layer B.CrtYd) (width 0.05))
    (fp_line (start 10.88 5.5) (end 8.74 7.64) (layer B.CrtYd) (width 0.05))
    (fp_line (start 10.88 2.79) (end 10.88 5.5) (layer B.CrtYd) (width 0.05))
    (fp_line (start 11.87 2.79) (end 10.88 2.79) (layer B.CrtYd) (width 0.05))
    (fp_arc (start -7.31 -6.85) (end -9.19 -7.53) (angle 107.5) (layer B.Fab) (width 0.1))
    (fp_arc (start 0 -16.36) (end 6.1 -8.43) (angle 75.1) (layer B.Fab) (width 0.1))
    (fp_arc (start 7.31 -6.85) (end 6.1 -8.43) (angle 107.5) (layer B.Fab) (width 0.1))
    (fp_line (start 10.63 -3.6) (end 9.19 -7.53) (layer B.Fab) (width 0.1))
    (fp_line (start 10.63 5.4) (end 10.63 -3.6) (layer B.Fab) (width 0.1))
    (fp_line (start 8.64 7.39) (end 10.63 5.4) (layer B.Fab) (width 0.1))
    (fp_line (start -8.64 7.39) (end 8.64 7.39) (layer B.Fab) (width 0.1))
    (fp_line (start -10.63 5.4) (end -8.64 7.39) (layer B.Fab) (width 0.1))
    (fp_line (start -10.63 -3.6) (end -10.63 5.4) (layer B.Fab) (width 0.1))
    (fp_line (start -9.19 -7.53) (end -10.63 -3.6) (layer B.Fab) (width 0.1))
    (fp_line (start 10.78 -3) (end 10.78 -3.63) (layer B.SilkS) (width 0.1))
    (fp_line (start 10.78 5.46) (end 10.78 3) (layer B.SilkS) (width 0.1))
    (fp_line (start -10.78 -3) (end -10.78 -3.63) (layer B.SilkS) (width 0.1))
    (fp_line (start -10.78 5.46) (end -10.78 3) (layer B.SilkS) (width 0.1))
    (fp_arc (start 7.31 -6.85) (end 6 -8.55) (angle 107.5) (layer B.SilkS) (width 0.1))
    (fp_line (start 10.78 -3.63) (end 9.34 -7.58) (layer B.SilkS) (width 0.1))
    (fp_line (start 8.7 7.54) (end 10.78 5.46) (layer B.SilkS) (width 0.1))
    (fp_line (start 8.7 7.54) (end -8.7 7.54) (layer B.SilkS) (width 0.1))
    (fp_line (start -8.7 7.54) (end -10.78 5.46) (layer B.SilkS) (width 0.1))
    (fp_line (start -10.78 -3.63) (end -9.34 -7.58) (layer B.SilkS) (width 0.1))
    (fp_arc (start -7.31 -6.85) (end -9.34 -7.58) (angle 107.5) (layer B.SilkS) (width 0.1))
    (fp_arc (start 0 -16.36) (end 6 -8.55) (angle 75.1) (layer B.SilkS) (width 0.1))
    (fp_circle (center 0 0) (end 10.25 0) (layer B.SilkS) (width 0.15))
    (fp_text user %R (at 0 2.9) (layer B.Fab)
      (effects (font (size 1 1) (thickness 0.15)) (justify mirror))
    )
    (pad 1 smd rect (at -14.465 0) (size 6 6) (layers B.Cu B.Paste B.Mask)
      (net 14 /+6V))
    (pad 1 smd rect (at 14.465 0) (size 6 6) (layers B.Cu B.Paste B.Mask)
      (net 14 /+6V))
    (pad 2 smd circle (at 0 0) (size 8 8) (layers B.Cu B.Paste B.Mask)
      (net 1 GND))
    (model ${KISYS3DMOD}/Battery_Holders.3dshapes/Keystone_3034_1x20mm-CoinCell.wrl
      (at (xyz 0 0 0))
      (scale (xyz 1 1 1))
      (rotate (xyz 0 0 0))
    )
  )

  (module digikey-footprints:Switch_Slide_JS202011SCQN (layer F.Cu) (tedit 5BF8743C) (tstamp 5BF86649)
    (at 137.29 115 270)
    (path /5BFAD6CE)
    (fp_text reference S1 (at 5.75 0.04 180 unlocked) (layer F.SilkS)
      (effects (font (size 1 1) (thickness 0.15)))
    )
    (fp_text value JS202011SCQN (at 0.1 5.575 270) (layer F.Fab)
      (effects (font (size 1 1) (thickness 0.15)))
    )
    (fp_line (start -4.8 4.25) (end 4.8 4.25) (layer F.CrtYd) (width 0.05))
    (fp_line (start 4.8 -4.25) (end 4.8 4.25) (layer F.CrtYd) (width 0.05))
    (fp_line (start -4.8 -4.25) (end -4.8 4.25) (layer F.CrtYd) (width 0.05))
    (fp_line (start 4.8 -4.25) (end -4.8 -4.25) (layer F.CrtYd) (width 0.05))
    (fp_text user %R (at -0.025 -0.05 270) (layer F.Fab)
      (effects (font (size 1 1) (thickness 0.15)))
    )
    (fp_line (start -4.625 1.55) (end -4.275 1.925) (layer F.SilkS) (width 0.1))
    (fp_line (start -4.275 1.925) (end -3.175 1.925) (layer F.SilkS) (width 0.1))
    (fp_line (start -3.175 1.925) (end -3.175 2.975) (layer F.SilkS) (width 0.1))
    (fp_line (start -4.15 -1.925) (end -4.625 -1.925) (layer F.SilkS) (width 0.1))
    (fp_line (start -4.625 -1.925) (end -4.625 -1.525) (layer F.SilkS) (width 0.1))
    (fp_line (start 4.625 1.55) (end 4.625 1.925) (layer F.SilkS) (width 0.1))
    (fp_line (start 4.625 1.925) (end 4.275 1.925) (layer F.SilkS) (width 0.1))
    (fp_line (start 4.225 -1.925) (end 4.625 -1.925) (layer F.SilkS) (width 0.1))
    (fp_line (start 4.625 -1.925) (end 4.625 -1.55) (layer F.SilkS) (width 0.1))
    (fp_line (start -4.5 1.475) (end -4.5 -1.8) (layer F.Fab) (width 0.1))
    (fp_line (start -4.175 1.8) (end 4.5 1.8) (layer F.Fab) (width 0.1))
    (fp_line (start -4.5 1.475) (end -4.175 1.8) (layer F.Fab) (width 0.1))
    (fp_line (start 4.5 -1.8) (end -4.5 -1.8) (layer F.Fab) (width 0.1))
    (fp_line (start 4.5 -1.8) (end 4.5 1.8) (layer F.Fab) (width 0.1))
    (pad 3 smd rect (at 2.5 2.75 270) (size 1.2 2.5) (layers F.Cu F.Paste F.Mask)
      (net 15 /+6V_Switched))
    (pad 2 smd rect (at 0 2.75 270) (size 1.2 2.5) (layers F.Cu F.Paste F.Mask)
      (net 14 /+6V))
    (pad 1 smd rect (at -2.5 2.75 270) (size 1.2 2.5) (layers F.Cu F.Paste F.Mask)
      (net 12 "Net-(S1-Pad1)"))
    (pad 4 smd rect (at -2.5 -2.75 270) (size 1.2 2.5) (layers F.Cu F.Paste F.Mask)
      (net 13 "Net-(S1-Pad4)"))
    (pad 5 smd rect (at 0 -2.75 270) (size 1.2 2.5) (layers F.Cu F.Paste F.Mask)
      (net 14 /+6V))
    (pad 6 smd rect (at 2.5 -2.75 270) (size 1.2 2.5) (layers F.Cu F.Paste F.Mask)
      (net 15 /+6V_Switched))
  )

  (module Capacitors_SMD:C_1206_HandSoldering (layer F.Cu) (tedit 58AA84D1) (tstamp 5BF8343D)
    (at 135.3 94.9)
    (descr "Capacitor SMD 1206, hand soldering")
    (tags "capacitor 1206")
    (path /5BF822AC)
    (attr smd)
    (fp_text reference C1 (at 0 -1.75) (layer F.SilkS)
      (effects (font (size 1 1) (thickness 0.15)))
    )
    (fp_text value 1uF (at 0 2) (layer F.Fab)
      (effects (font (size 1 1) (thickness 0.15)))
    )
    (fp_line (start 3.25 1.05) (end -3.25 1.05) (layer F.CrtYd) (width 0.05))
    (fp_line (start 3.25 1.05) (end 3.25 -1.05) (layer F.CrtYd) (width 0.05))
    (fp_line (start -3.25 -1.05) (end -3.25 1.05) (layer F.CrtYd) (width 0.05))
    (fp_line (start -3.25 -1.05) (end 3.25 -1.05) (layer F.CrtYd) (width 0.05))
    (fp_line (start -1 1.02) (end 1 1.02) (layer F.SilkS) (width 0.12))
    (fp_line (start 1 -1.02) (end -1 -1.02) (layer F.SilkS) (width 0.12))
    (fp_line (start -1.6 -0.8) (end 1.6 -0.8) (layer F.Fab) (width 0.1))
    (fp_line (start 1.6 -0.8) (end 1.6 0.8) (layer F.Fab) (width 0.1))
    (fp_line (start 1.6 0.8) (end -1.6 0.8) (layer F.Fab) (width 0.1))
    (fp_line (start -1.6 0.8) (end -1.6 -0.8) (layer F.Fab) (width 0.1))
    (fp_text user %R (at 0 -1.75) (layer F.Fab)
      (effects (font (size 1 1) (thickness 0.15)))
    )
    (pad 2 smd rect (at 2 0) (size 2 1.6) (layers F.Cu F.Paste F.Mask)
      (net 1 GND))
    (pad 1 smd rect (at -2 0) (size 2 1.6) (layers F.Cu F.Paste F.Mask)
      (net 2 "Net-(C1-Pad1)"))
    (model Capacitors_SMD.3dshapes/C_1206.wrl
      (at (xyz 0 0 0))
      (scale (xyz 1 1 1))
      (rotate (xyz 0 0 0))
    )
  )

  (module Capacitors_SMD:C_1206_HandSoldering (layer F.Cu) (tedit 58AA84D1) (tstamp 5BF8342D)
    (at 149.9 102.6 288)
    (descr "Capacitor SMD 1206, hand soldering")
    (tags "capacitor 1206")
    (path /5BF82EAF)
    (attr smd)
    (fp_text reference C2 (at 0 -1.75 288) (layer F.SilkS)
      (effects (font (size 1 1) (thickness 0.15)))
    )
    (fp_text value 1uF (at 0 2 288) (layer F.Fab)
      (effects (font (size 1 1) (thickness 0.15)))
    )
    (fp_text user %R (at 0 -1.75 288) (layer F.Fab)
      (effects (font (size 1 1) (thickness 0.15)))
    )
    (fp_line (start -1.6 0.8) (end -1.6 -0.8) (layer F.Fab) (width 0.1))
    (fp_line (start 1.6 0.8) (end -1.6 0.8) (layer F.Fab) (width 0.1))
    (fp_line (start 1.6 -0.8) (end 1.6 0.8) (layer F.Fab) (width 0.1))
    (fp_line (start -1.6 -0.8) (end 1.6 -0.8) (layer F.Fab) (width 0.1))
    (fp_line (start 1 -1.02) (end -1 -1.02) (layer F.SilkS) (width 0.12))
    (fp_line (start -1 1.02) (end 1 1.02) (layer F.SilkS) (width 0.12))
    (fp_line (start -3.25 -1.05) (end 3.25 -1.05) (layer F.CrtYd) (width 0.05))
    (fp_line (start -3.25 -1.05) (end -3.25 1.05) (layer F.CrtYd) (width 0.05))
    (fp_line (start 3.25 1.05) (end 3.25 -1.05) (layer F.CrtYd) (width 0.05))
    (fp_line (start 3.25 1.05) (end -3.25 1.05) (layer F.CrtYd) (width 0.05))
    (pad 1 smd rect (at -2 0 288) (size 2 1.6) (layers F.Cu F.Paste F.Mask)
      (net 3 "Net-(C2-Pad1)"))
    (pad 2 smd rect (at 2 0 288) (size 2 1.6) (layers F.Cu F.Paste F.Mask)
      (net 1 GND))
    (model Capacitors_SMD.3dshapes/C_1206.wrl
      (at (xyz 0 0 0))
      (scale (xyz 1 1 1))
      (rotate (xyz 0 0 0))
    )
  )

  (module Capacitors_SMD:C_1206_HandSoldering (layer F.Cu) (tedit 5BF83C96) (tstamp 5BF8376D)
    (at 147.3 118.6 216)
    (descr "Capacitor SMD 1206, hand soldering")
    (tags "capacitor 1206")
    (path /5BF83244)
    (attr smd)
    (fp_text reference C3 (at 0 -1.75 216 unlocked) (layer F.SilkS)
      (effects (font (size 1 1) (thickness 0.15)))
    )
    (fp_text value 1uF (at 0 2 216) (layer F.Fab)
      (effects (font (size 1 1) (thickness 0.15)))
    )
    (fp_line (start 3.25 1.05) (end -3.25 1.05) (layer F.CrtYd) (width 0.05))
    (fp_line (start 3.25 1.05) (end 3.25 -1.05) (layer F.CrtYd) (width 0.05))
    (fp_line (start -3.25 -1.05) (end -3.25 1.05) (layer F.CrtYd) (width 0.05))
    (fp_line (start -3.25 -1.05) (end 3.25 -1.05) (layer F.CrtYd) (width 0.05))
    (fp_line (start -1 1.02) (end 1 1.02) (layer F.SilkS) (width 0.12))
    (fp_line (start 1 -1.02) (end -1 -1.02) (layer F.SilkS) (width 0.12))
    (fp_line (start -1.6 -0.8) (end 1.6 -0.8) (layer F.Fab) (width 0.1))
    (fp_line (start 1.6 -0.8) (end 1.6 0.8) (layer F.Fab) (width 0.1))
    (fp_line (start 1.6 0.8) (end -1.6 0.8) (layer F.Fab) (width 0.1))
    (fp_line (start -1.6 0.8) (end -1.6 -0.8) (layer F.Fab) (width 0.1))
    (fp_text user %R (at 0 -1.75 216) (layer F.Fab)
      (effects (font (size 1 1) (thickness 0.15)))
    )
    (pad 2 smd rect (at 2 0 216) (size 2 1.6) (layers F.Cu F.Paste F.Mask)
      (net 1 GND))
    (pad 1 smd rect (at -2 0 216) (size 2 1.6) (layers F.Cu F.Paste F.Mask)
      (net 8 "Net-(C3-Pad1)"))
    (model Capacitors_SMD.3dshapes/C_1206.wrl
      (at (xyz 0 0 0))
      (scale (xyz 1 1 1))
      (rotate (xyz 0 0 0))
    )
  )

  (module Capacitors_SMD:C_1206_HandSoldering (layer F.Cu) (tedit 5BF83CB1) (tstamp 5BF8379D)
    (at 130.5 121 144)
    (descr "Capacitor SMD 1206, hand soldering")
    (tags "capacitor 1206")
    (path /5BF83E1F)
    (attr smd)
    (fp_text reference C4 (at 0 -1.75 144 unlocked) (layer F.SilkS)
      (effects (font (size 1 1) (thickness 0.15)))
    )
    (fp_text value 1uF (at 0 2 144) (layer F.Fab)
      (effects (font (size 1 1) (thickness 0.15)))
    )
    (fp_text user %R (at 0 -1.75 144) (layer F.Fab)
      (effects (font (size 1 1) (thickness 0.15)))
    )
    (fp_line (start -1.6 0.8) (end -1.6 -0.8) (layer F.Fab) (width 0.1))
    (fp_line (start 1.6 0.8) (end -1.6 0.8) (layer F.Fab) (width 0.1))
    (fp_line (start 1.6 -0.8) (end 1.6 0.8) (layer F.Fab) (width 0.1))
    (fp_line (start -1.6 -0.8) (end 1.6 -0.8) (layer F.Fab) (width 0.1))
    (fp_line (start 1 -1.02) (end -1 -1.02) (layer F.SilkS) (width 0.12))
    (fp_line (start -1 1.02) (end 1 1.02) (layer F.SilkS) (width 0.12))
    (fp_line (start -3.25 -1.05) (end 3.25 -1.05) (layer F.CrtYd) (width 0.05))
    (fp_line (start -3.25 -1.05) (end -3.25 1.05) (layer F.CrtYd) (width 0.05))
    (fp_line (start 3.25 1.05) (end 3.25 -1.05) (layer F.CrtYd) (width 0.05))
    (fp_line (start 3.25 1.05) (end -3.25 1.05) (layer F.CrtYd) (width 0.05))
    (pad 1 smd rect (at -2 0 144) (size 2 1.6) (layers F.Cu F.Paste F.Mask)
      (net 7 "Net-(C4-Pad1)"))
    (pad 2 smd rect (at 2 0 144) (size 2 1.6) (layers F.Cu F.Paste F.Mask)
      (net 1 GND))
    (model Capacitors_SMD.3dshapes/C_1206.wrl
      (at (xyz 0 0 0))
      (scale (xyz 1 1 1))
      (rotate (xyz 0 0 0))
    )
  )

  (module Capacitors_SMD:C_1206_HandSoldering (layer F.Cu) (tedit 58AA84D1) (tstamp 5BF8364D)
    (at 123.5 106.3 72)
    (descr "Capacitor SMD 1206, hand soldering")
    (tags "capacitor 1206")
    (path /5BF84211)
    (attr smd)
    (fp_text reference C5 (at 0 -1.75 72) (layer F.SilkS)
      (effects (font (size 1 1) (thickness 0.15)))
    )
    (fp_text value 1uF (at 0 2 72) (layer F.Fab)
      (effects (font (size 1 1) (thickness 0.15)))
    )
    (fp_line (start 3.25 1.05) (end -3.25 1.05) (layer F.CrtYd) (width 0.05))
    (fp_line (start 3.25 1.05) (end 3.25 -1.05) (layer F.CrtYd) (width 0.05))
    (fp_line (start -3.25 -1.05) (end -3.25 1.05) (layer F.CrtYd) (width 0.05))
    (fp_line (start -3.25 -1.05) (end 3.25 -1.05) (layer F.CrtYd) (width 0.05))
    (fp_line (start -1 1.02) (end 1 1.02) (layer F.SilkS) (width 0.12))
    (fp_line (start 1 -1.02) (end -1 -1.02) (layer F.SilkS) (width 0.12))
    (fp_line (start -1.6 -0.8) (end 1.6 -0.8) (layer F.Fab) (width 0.1))
    (fp_line (start 1.6 -0.8) (end 1.6 0.8) (layer F.Fab) (width 0.1))
    (fp_line (start 1.6 0.8) (end -1.6 0.8) (layer F.Fab) (width 0.1))
    (fp_line (start -1.6 0.8) (end -1.6 -0.8) (layer F.Fab) (width 0.1))
    (fp_text user %R (at 0 -1.75 72) (layer F.Fab)
      (effects (font (size 1 1) (thickness 0.15)))
    )
    (pad 2 smd rect (at 2 0 72) (size 2 1.6) (layers F.Cu F.Paste F.Mask)
      (net 1 GND))
    (pad 1 smd rect (at -2 0 72) (size 2 1.6) (layers F.Cu F.Paste F.Mask)
      (net 4 "Net-(C5-Pad1)"))
    (model Capacitors_SMD.3dshapes/C_1206.wrl
      (at (xyz 0 0 0))
      (scale (xyz 1 1 1))
      (rotate (xyz 0 0 0))
    )
  )

  (module Resistors_SMD:R_1206_HandSoldering locked (layer F.Cu) (tedit 5BF87487) (tstamp 5BF8367D)
    (at 122.5 128.75 324)
    (descr "Resistor SMD 1206, hand soldering")
    (tags "resistor 1206")
    (path /5BF83E0D)
    (attr smd)
    (fp_text reference R7 (at -0.184901 2.297458 144 unlocked) (layer F.SilkS)
      (effects (font (size 1 1) (thickness 0.15)))
    )
    (fp_text value 750 (at 0 1.9 324) (layer F.Fab)
      (effects (font (size 1 1) (thickness 0.15)))
    )
    (fp_text user %R (at 0 0 324) (layer F.Fab)
      (effects (font (size 0.7 0.7) (thickness 0.105)))
    )
    (fp_line (start -1.6 0.8) (end -1.6 -0.8) (layer F.Fab) (width 0.1))
    (fp_line (start 1.6 0.8) (end -1.6 0.8) (layer F.Fab) (width 0.1))
    (fp_line (start 1.6 -0.8) (end 1.6 0.8) (layer F.Fab) (width 0.1))
    (fp_line (start -1.6 -0.8) (end 1.6 -0.8) (layer F.Fab) (width 0.1))
    (fp_line (start 1 1.07) (end -1 1.07) (layer F.SilkS) (width 0.12))
    (fp_line (start -1 -1.07) (end 1 -1.07) (layer F.SilkS) (width 0.12))
    (fp_line (start -3.25 -1.11) (end 3.25 -1.11) (layer F.CrtYd) (width 0.05))
    (fp_line (start -3.25 -1.11) (end -3.25 1.1) (layer F.CrtYd) (width 0.05))
    (fp_line (start 3.25 1.1) (end 3.25 -1.11) (layer F.CrtYd) (width 0.05))
    (fp_line (start 3.25 1.1) (end -3.25 1.1) (layer F.CrtYd) (width 0.05))
    (pad 1 smd rect (at -2 0 324) (size 2 1.7) (layers F.Cu F.Paste F.Mask)
      (net 24 "Net-(D4-Pad2)"))
    (pad 2 smd rect (at 2 0 324) (size 2 1.7) (layers F.Cu F.Paste F.Mask)
      (net 6 "Net-(Q4-Pad3)"))
    (model ${KISYS3DMOD}/Resistors_SMD.3dshapes/R_1206.wrl
      (at (xyz 0 0 0))
      (scale (xyz 1 1 1))
      (rotate (xyz 0 0 0))
    )
  )

  (module Resistors_SMD:R_1206_HandSoldering locked (layer F.Cu) (tedit 58E0A804) (tstamp 5BF833D9)
    (at 137.25 83.75 180)
    (descr "Resistor SMD 1206, hand soldering")
    (tags "resistor 1206")
    (path /5BF81E3A)
    (attr smd)
    (fp_text reference R1 (at 0 2 180) (layer F.SilkS)
      (effects (font (size 1 1) (thickness 0.15)))
    )
    (fp_text value 750 (at 0 1.9 180) (layer F.Fab)
      (effects (font (size 1 1) (thickness 0.15)))
    )
    (fp_line (start 3.25 1.1) (end -3.25 1.1) (layer F.CrtYd) (width 0.05))
    (fp_line (start 3.25 1.1) (end 3.25 -1.11) (layer F.CrtYd) (width 0.05))
    (fp_line (start -3.25 -1.11) (end -3.25 1.1) (layer F.CrtYd) (width 0.05))
    (fp_line (start -3.25 -1.11) (end 3.25 -1.11) (layer F.CrtYd) (width 0.05))
    (fp_line (start -1 -1.07) (end 1 -1.07) (layer F.SilkS) (width 0.12))
    (fp_line (start 1 1.07) (end -1 1.07) (layer F.SilkS) (width 0.12))
    (fp_line (start -1.6 -0.8) (end 1.6 -0.8) (layer F.Fab) (width 0.1))
    (fp_line (start 1.6 -0.8) (end 1.6 0.8) (layer F.Fab) (width 0.1))
    (fp_line (start 1.6 0.8) (end -1.6 0.8) (layer F.Fab) (width 0.1))
    (fp_line (start -1.6 0.8) (end -1.6 -0.8) (layer F.Fab) (width 0.1))
    (fp_text user %R (at 0 0 180) (layer F.Fab)
      (effects (font (size 0.7 0.7) (thickness 0.105)))
    )
    (pad 2 smd rect (at 2 0 180) (size 2 1.7) (layers F.Cu F.Paste F.Mask)
      (net 11 "Net-(Q1-Pad3)"))
    (pad 1 smd rect (at -2 0 180) (size 2 1.7) (layers F.Cu F.Paste F.Mask)
      (net 20 "Net-(D1-Pad2)"))
    (model ${KISYS3DMOD}/Resistors_SMD.3dshapes/R_1206.wrl
      (at (xyz 0 0 0))
      (scale (xyz 1 1 1))
      (rotate (xyz 0 0 0))
    )
  )

  (module Resistors_SMD:R_1206_HandSoldering locked (layer F.Cu) (tedit 58E0A804) (tstamp 5BF833C9)
    (at 161 101 108)
    (descr "Resistor SMD 1206, hand soldering")
    (tags "resistor 1206")
    (path /5BF82E9D)
    (attr smd)
    (fp_text reference R3 (at 0.095258 2.133876 108) (layer F.SilkS)
      (effects (font (size 1 1) (thickness 0.15)))
    )
    (fp_text value 750 (at 0 1.9 108) (layer F.Fab)
      (effects (font (size 1 1) (thickness 0.15)))
    )
    (fp_text user %R (at 0 0 108) (layer F.Fab)
      (effects (font (size 0.7 0.7) (thickness 0.105)))
    )
    (fp_line (start -1.6 0.8) (end -1.6 -0.8) (layer F.Fab) (width 0.1))
    (fp_line (start 1.6 0.8) (end -1.6 0.8) (layer F.Fab) (width 0.1))
    (fp_line (start 1.6 -0.8) (end 1.6 0.8) (layer F.Fab) (width 0.1))
    (fp_line (start -1.6 -0.8) (end 1.6 -0.8) (layer F.Fab) (width 0.1))
    (fp_line (start 1 1.07) (end -1 1.07) (layer F.SilkS) (width 0.12))
    (fp_line (start -1 -1.07) (end 1 -1.07) (layer F.SilkS) (width 0.12))
    (fp_line (start -3.25 -1.11) (end 3.25 -1.11) (layer F.CrtYd) (width 0.05))
    (fp_line (start -3.25 -1.11) (end -3.25 1.1) (layer F.CrtYd) (width 0.05))
    (fp_line (start 3.25 1.1) (end 3.25 -1.11) (layer F.CrtYd) (width 0.05))
    (fp_line (start 3.25 1.1) (end -3.25 1.1) (layer F.CrtYd) (width 0.05))
    (pad 1 smd rect (at -2 0 108) (size 2 1.7) (layers F.Cu F.Paste F.Mask)
      (net 18 "Net-(D2-Pad2)"))
    (pad 2 smd rect (at 2 0 108) (size 2 1.7) (layers F.Cu F.Paste F.Mask)
      (net 10 "Net-(Q2-Pad3)"))
    (model ${KISYS3DMOD}/Resistors_SMD.3dshapes/R_1206.wrl
      (at (xyz 0 0 0))
      (scale (xyz 1 1 1))
      (rotate (xyz 0 0 0))
    )
  )

  (module Resistors_SMD:R_1206_HandSoldering (layer F.Cu) (tedit 5BF83826) (tstamp 5BF833B9)
    (at 156.5 104.7 18)
    (descr "Resistor SMD 1206, hand soldering")
    (tags "resistor 1206")
    (path /5BF82EA3)
    (attr smd)
    (fp_text reference R4 (at 0.46143 2.463145 -72) (layer F.SilkS)
      (effects (font (size 1 1) (thickness 0.15)))
    )
    (fp_text value 100k (at 0 1.9 18) (layer F.Fab)
      (effects (font (size 1 1) (thickness 0.15)))
    )
    (fp_line (start 3.25 1.1) (end -3.25 1.1) (layer F.CrtYd) (width 0.05))
    (fp_line (start 3.25 1.1) (end 3.25 -1.11) (layer F.CrtYd) (width 0.05))
    (fp_line (start -3.25 -1.11) (end -3.25 1.1) (layer F.CrtYd) (width 0.05))
    (fp_line (start -3.25 -1.11) (end 3.25 -1.11) (layer F.CrtYd) (width 0.05))
    (fp_line (start -1 -1.07) (end 1 -1.07) (layer F.SilkS) (width 0.12))
    (fp_line (start 1 1.07) (end -1 1.07) (layer F.SilkS) (width 0.12))
    (fp_line (start -1.6 -0.8) (end 1.6 -0.8) (layer F.Fab) (width 0.1))
    (fp_line (start 1.6 -0.8) (end 1.6 0.8) (layer F.Fab) (width 0.1))
    (fp_line (start 1.6 0.8) (end -1.6 0.8) (layer F.Fab) (width 0.1))
    (fp_line (start -1.6 0.8) (end -1.6 -0.8) (layer F.Fab) (width 0.1))
    (fp_text user %R (at 0 0 18) (layer F.Fab)
      (effects (font (size 0.7 0.7) (thickness 0.105)))
    )
    (pad 2 smd rect (at 2 0 18) (size 2 1.7) (layers F.Cu F.Paste F.Mask)
      (net 10 "Net-(Q2-Pad3)"))
    (pad 1 smd rect (at -2 0 18) (size 2 1.7) (layers F.Cu F.Paste F.Mask)
      (net 8 "Net-(C3-Pad1)"))
    (model ${KISYS3DMOD}/Resistors_SMD.3dshapes/R_1206.wrl
      (at (xyz 0 0 0))
      (scale (xyz 1 1 1))
      (rotate (xyz 0 0 0))
    )
  )

  (module Resistors_SMD:R_1206_HandSoldering locked (layer F.Cu) (tedit 5BF83868) (tstamp 5BF8370D)
    (at 152.25 128.75 36)
    (descr "Resistor SMD 1206, hand soldering")
    (tags "resistor 1206")
    (path /5BF83232)
    (attr smd)
    (fp_text reference R5 (at -0.017353 2.150511 216 unlocked) (layer F.SilkS)
      (effects (font (size 1 1) (thickness 0.15)))
    )
    (fp_text value 750 (at 0 1.9 36) (layer F.Fab)
      (effects (font (size 1 1) (thickness 0.15)))
    )
    (fp_text user %R (at 0 0 36) (layer F.Fab)
      (effects (font (size 0.7 0.7) (thickness 0.105)))
    )
    (fp_line (start -1.6 0.8) (end -1.6 -0.8) (layer F.Fab) (width 0.1))
    (fp_line (start 1.6 0.8) (end -1.6 0.8) (layer F.Fab) (width 0.1))
    (fp_line (start 1.6 -0.8) (end 1.6 0.8) (layer F.Fab) (width 0.1))
    (fp_line (start -1.6 -0.8) (end 1.6 -0.8) (layer F.Fab) (width 0.1))
    (fp_line (start 1 1.07) (end -1 1.07) (layer F.SilkS) (width 0.12))
    (fp_line (start -1 -1.07) (end 1 -1.07) (layer F.SilkS) (width 0.12))
    (fp_line (start -3.25 -1.11) (end 3.25 -1.11) (layer F.CrtYd) (width 0.05))
    (fp_line (start -3.25 -1.11) (end -3.25 1.1) (layer F.CrtYd) (width 0.05))
    (fp_line (start 3.25 1.1) (end 3.25 -1.11) (layer F.CrtYd) (width 0.05))
    (fp_line (start 3.25 1.1) (end -3.25 1.1) (layer F.CrtYd) (width 0.05))
    (pad 1 smd rect (at -2 0 36) (size 2 1.7) (layers F.Cu F.Paste F.Mask)
      (net 23 "Net-(D3-Pad2)"))
    (pad 2 smd rect (at 2 0 36) (size 2 1.7) (layers F.Cu F.Paste F.Mask)
      (net 9 "Net-(Q3-Pad3)"))
    (model ${KISYS3DMOD}/Resistors_SMD.3dshapes/R_1206.wrl
      (at (xyz 0 0 0))
      (scale (xyz 1 1 1))
      (rotate (xyz 0 0 0))
    )
  )

  (module Resistors_SMD:R_1206_HandSoldering (layer F.Cu) (tedit 58E0A804) (tstamp 5BF836AD)
    (at 113.5 101 252)
    (descr "Resistor SMD 1206, hand soldering")
    (tags "resistor 1206")
    (path /5BF841FF)
    (attr smd)
    (fp_text reference R9 (at 0 -1.85 252) (layer F.SilkS)
      (effects (font (size 1 1) (thickness 0.15)))
    )
    (fp_text value 750 (at 0 1.9 252) (layer F.Fab)
      (effects (font (size 1 1) (thickness 0.15)))
    )
    (fp_line (start 3.25 1.1) (end -3.25 1.1) (layer F.CrtYd) (width 0.05))
    (fp_line (start 3.25 1.1) (end 3.25 -1.11) (layer F.CrtYd) (width 0.05))
    (fp_line (start -3.25 -1.11) (end -3.25 1.1) (layer F.CrtYd) (width 0.05))
    (fp_line (start -3.25 -1.11) (end 3.25 -1.11) (layer F.CrtYd) (width 0.05))
    (fp_line (start -1 -1.07) (end 1 -1.07) (layer F.SilkS) (width 0.12))
    (fp_line (start 1 1.07) (end -1 1.07) (layer F.SilkS) (width 0.12))
    (fp_line (start -1.6 -0.8) (end 1.6 -0.8) (layer F.Fab) (width 0.1))
    (fp_line (start 1.6 -0.8) (end 1.6 0.8) (layer F.Fab) (width 0.1))
    (fp_line (start 1.6 0.8) (end -1.6 0.8) (layer F.Fab) (width 0.1))
    (fp_line (start -1.6 0.8) (end -1.6 -0.8) (layer F.Fab) (width 0.1))
    (fp_text user %R (at 0 0 252) (layer F.Fab)
      (effects (font (size 0.7 0.7) (thickness 0.105)))
    )
    (pad 2 smd rect (at 2 0 252) (size 2 1.7) (layers F.Cu F.Paste F.Mask)
      (net 5 "Net-(Q5-Pad3)"))
    (pad 1 smd rect (at -2 0 252) (size 2 1.7) (layers F.Cu F.Paste F.Mask)
      (net 16 "Net-(D5-Pad2)"))
    (model ${KISYS3DMOD}/Resistors_SMD.3dshapes/R_1206.wrl
      (at (xyz 0 0 0))
      (scale (xyz 1 1 1))
      (rotate (xyz 0 0 0))
    )
  )

  (module Resistors_SMD:R_1206_HandSoldering (layer F.Cu) (tedit 5BF83AEB) (tstamp 5BF836DD)
    (at 124.1 123.2 234)
    (descr "Resistor SMD 1206, hand soldering")
    (tags "resistor 1206")
    (path /5BF83E13)
    (attr smd)
    (fp_text reference R8 (at 0.461987 2.507303 144 unlocked) (layer F.SilkS)
      (effects (font (size 1 1) (thickness 0.15)))
    )
    (fp_text value 100k (at 0 1.9 234) (layer F.Fab)
      (effects (font (size 1 1) (thickness 0.15)))
    )
    (fp_text user %R (at 0 0 234) (layer F.Fab)
      (effects (font (size 0.7 0.7) (thickness 0.105)))
    )
    (fp_line (start -1.6 0.8) (end -1.6 -0.8) (layer F.Fab) (width 0.1))
    (fp_line (start 1.6 0.8) (end -1.6 0.8) (layer F.Fab) (width 0.1))
    (fp_line (start 1.6 -0.8) (end 1.6 0.8) (layer F.Fab) (width 0.1))
    (fp_line (start -1.6 -0.8) (end 1.6 -0.8) (layer F.Fab) (width 0.1))
    (fp_line (start 1 1.07) (end -1 1.07) (layer F.SilkS) (width 0.12))
    (fp_line (start -1 -1.07) (end 1 -1.07) (layer F.SilkS) (width 0.12))
    (fp_line (start -3.25 -1.11) (end 3.25 -1.11) (layer F.CrtYd) (width 0.05))
    (fp_line (start -3.25 -1.11) (end -3.25 1.1) (layer F.CrtYd) (width 0.05))
    (fp_line (start 3.25 1.1) (end 3.25 -1.11) (layer F.CrtYd) (width 0.05))
    (fp_line (start 3.25 1.1) (end -3.25 1.1) (layer F.CrtYd) (width 0.05))
    (pad 1 smd rect (at -2 0 234) (size 2 1.7) (layers F.Cu F.Paste F.Mask)
      (net 4 "Net-(C5-Pad1)"))
    (pad 2 smd rect (at 2 0 234) (size 2 1.7) (layers F.Cu F.Paste F.Mask)
      (net 6 "Net-(Q4-Pad3)"))
    (model ${KISYS3DMOD}/Resistors_SMD.3dshapes/R_1206.wrl
      (at (xyz 0 0 0))
      (scale (xyz 1 1 1))
      (rotate (xyz 0 0 0))
    )
  )

  (module Resistors_SMD:R_1206_HandSoldering (layer F.Cu) (tedit 5BF83A9D) (tstamp 5BF8361D)
    (at 147.4 125.5 306)
    (descr "Resistor SMD 1206, hand soldering")
    (tags "resistor 1206")
    (path /5BF83238)
    (attr smd)
    (fp_text reference R6 (at 0.596676 2.411219 216 unlocked) (layer F.SilkS)
      (effects (font (size 1 1) (thickness 0.15)))
    )
    (fp_text value 100k (at 0 1.9 306) (layer F.Fab)
      (effects (font (size 1 1) (thickness 0.15)))
    )
    (fp_line (start 3.25 1.1) (end -3.25 1.1) (layer F.CrtYd) (width 0.05))
    (fp_line (start 3.25 1.1) (end 3.25 -1.11) (layer F.CrtYd) (width 0.05))
    (fp_line (start -3.25 -1.11) (end -3.25 1.1) (layer F.CrtYd) (width 0.05))
    (fp_line (start -3.25 -1.11) (end 3.25 -1.11) (layer F.CrtYd) (width 0.05))
    (fp_line (start -1 -1.07) (end 1 -1.07) (layer F.SilkS) (width 0.12))
    (fp_line (start 1 1.07) (end -1 1.07) (layer F.SilkS) (width 0.12))
    (fp_line (start -1.6 -0.8) (end 1.6 -0.8) (layer F.Fab) (width 0.1))
    (fp_line (start 1.6 -0.8) (end 1.6 0.8) (layer F.Fab) (width 0.1))
    (fp_line (start 1.6 0.8) (end -1.6 0.8) (layer F.Fab) (width 0.1))
    (fp_line (start -1.6 0.8) (end -1.6 -0.8) (layer F.Fab) (width 0.1))
    (fp_text user %R (at 0 0 306) (layer F.Fab)
      (effects (font (size 0.7 0.7) (thickness 0.105)))
    )
    (pad 2 smd rect (at 2 0 306) (size 2 1.7) (layers F.Cu F.Paste F.Mask)
      (net 9 "Net-(Q3-Pad3)"))
    (pad 1 smd rect (at -2 0 306) (size 2 1.7) (layers F.Cu F.Paste F.Mask)
      (net 7 "Net-(C4-Pad1)"))
    (model ${KISYS3DMOD}/Resistors_SMD.3dshapes/R_1206.wrl
      (at (xyz 0 0 0))
      (scale (xyz 1 1 1))
      (rotate (xyz 0 0 0))
    )
  )

  (module Resistors_SMD:R_1206_HandSoldering (layer F.Cu) (tedit 58E0A804) (tstamp 5BF8373D)
    (at 119.4 100.8 162)
    (descr "Resistor SMD 1206, hand soldering")
    (tags "resistor 1206")
    (path /5BF84205)
    (attr smd)
    (fp_text reference R10 (at 0.453923 2.691459 252) (layer F.SilkS)
      (effects (font (size 1 1) (thickness 0.15)))
    )
    (fp_text value 100k (at 0 1.9 162) (layer F.Fab)
      (effects (font (size 1 1) (thickness 0.15)))
    )
    (fp_text user %R (at 0 0 162) (layer F.Fab)
      (effects (font (size 0.7 0.7) (thickness 0.105)))
    )
    (fp_line (start -1.6 0.8) (end -1.6 -0.8) (layer F.Fab) (width 0.1))
    (fp_line (start 1.6 0.8) (end -1.6 0.8) (layer F.Fab) (width 0.1))
    (fp_line (start 1.6 -0.8) (end 1.6 0.8) (layer F.Fab) (width 0.1))
    (fp_line (start -1.6 -0.8) (end 1.6 -0.8) (layer F.Fab) (width 0.1))
    (fp_line (start 1 1.07) (end -1 1.07) (layer F.SilkS) (width 0.12))
    (fp_line (start -1 -1.07) (end 1 -1.07) (layer F.SilkS) (width 0.12))
    (fp_line (start -3.25 -1.11) (end 3.25 -1.11) (layer F.CrtYd) (width 0.05))
    (fp_line (start -3.25 -1.11) (end -3.25 1.1) (layer F.CrtYd) (width 0.05))
    (fp_line (start 3.25 1.1) (end 3.25 -1.11) (layer F.CrtYd) (width 0.05))
    (fp_line (start 3.25 1.1) (end -3.25 1.1) (layer F.CrtYd) (width 0.05))
    (pad 1 smd rect (at -2 0 162) (size 2 1.7) (layers F.Cu F.Paste F.Mask)
      (net 2 "Net-(C1-Pad1)"))
    (pad 2 smd rect (at 2 0 162) (size 2 1.7) (layers F.Cu F.Paste F.Mask)
      (net 5 "Net-(Q5-Pad3)"))
    (model ${KISYS3DMOD}/Resistors_SMD.3dshapes/R_1206.wrl
      (at (xyz 0 0 0))
      (scale (xyz 1 1 1))
      (rotate (xyz 0 0 0))
    )
  )

  (module Resistors_SMD:R_1206_HandSoldering (layer F.Cu) (tedit 58E0A804) (tstamp 5BF83354)
    (at 139.3 89.3 90)
    (descr "Resistor SMD 1206, hand soldering")
    (tags "resistor 1206")
    (path /5BF81EBC)
    (attr smd)
    (fp_text reference R2 (at 0.6 2.5 180) (layer F.SilkS)
      (effects (font (size 1 1) (thickness 0.15)))
    )
    (fp_text value 100k (at 0 1.9 90) (layer F.Fab)
      (effects (font (size 1 1) (thickness 0.15)))
    )
    (fp_line (start 3.25 1.1) (end -3.25 1.1) (layer F.CrtYd) (width 0.05))
    (fp_line (start 3.25 1.1) (end 3.25 -1.11) (layer F.CrtYd) (width 0.05))
    (fp_line (start -3.25 -1.11) (end -3.25 1.1) (layer F.CrtYd) (width 0.05))
    (fp_line (start -3.25 -1.11) (end 3.25 -1.11) (layer F.CrtYd) (width 0.05))
    (fp_line (start -1 -1.07) (end 1 -1.07) (layer F.SilkS) (width 0.12))
    (fp_line (start 1 1.07) (end -1 1.07) (layer F.SilkS) (width 0.12))
    (fp_line (start -1.6 -0.8) (end 1.6 -0.8) (layer F.Fab) (width 0.1))
    (fp_line (start 1.6 -0.8) (end 1.6 0.8) (layer F.Fab) (width 0.1))
    (fp_line (start 1.6 0.8) (end -1.6 0.8) (layer F.Fab) (width 0.1))
    (fp_line (start -1.6 0.8) (end -1.6 -0.8) (layer F.Fab) (width 0.1))
    (fp_text user %R (at 0 0 90) (layer F.Fab)
      (effects (font (size 0.7 0.7) (thickness 0.105)))
    )
    (pad 2 smd rect (at 2 0 90) (size 2 1.7) (layers F.Cu F.Paste F.Mask)
      (net 11 "Net-(Q1-Pad3)"))
    (pad 1 smd rect (at -2 0 90) (size 2 1.7) (layers F.Cu F.Paste F.Mask)
      (net 3 "Net-(C2-Pad1)"))
    (model ${KISYS3DMOD}/Resistors_SMD.3dshapes/R_1206.wrl
      (at (xyz 0 0 0))
      (scale (xyz 1 1 1))
      (rotate (xyz 0 0 0))
    )
  )

  (module TO_SOT_Packages_SMD:SOT-23_Handsoldering locked (layer F.Cu) (tedit 58CE4E7E) (tstamp 5BF83340)
    (at 137.25 77.75 90)
    (descr "SOT-23, Handsoldering")
    (tags SOT-23)
    (path /5BFBACD8)
    (attr smd)
    (fp_text reference D1 (at 5.05 0.15 -180) (layer F.SilkS)
      (effects (font (size 1 1) (thickness 0.15)))
    )
    (fp_text value LED_Dual_CCA (at 0 2.5 90) (layer F.Fab)
      (effects (font (size 1 1) (thickness 0.15)))
    )
    (fp_line (start 0.76 1.58) (end -0.7 1.58) (layer F.SilkS) (width 0.12))
    (fp_line (start -0.7 1.52) (end 0.7 1.52) (layer F.Fab) (width 0.1))
    (fp_line (start 0.7 -1.52) (end 0.7 1.52) (layer F.Fab) (width 0.1))
    (fp_line (start -0.7 -0.95) (end -0.15 -1.52) (layer F.Fab) (width 0.1))
    (fp_line (start -0.15 -1.52) (end 0.7 -1.52) (layer F.Fab) (width 0.1))
    (fp_line (start -0.7 -0.95) (end -0.7 1.5) (layer F.Fab) (width 0.1))
    (fp_line (start 0.76 -1.58) (end -2.4 -1.58) (layer F.SilkS) (width 0.12))
    (fp_line (start -2.7 1.75) (end -2.7 -1.75) (layer F.CrtYd) (width 0.05))
    (fp_line (start 2.7 1.75) (end -2.7 1.75) (layer F.CrtYd) (width 0.05))
    (fp_line (start 2.7 -1.75) (end 2.7 1.75) (layer F.CrtYd) (width 0.05))
    (fp_line (start -2.7 -1.75) (end 2.7 -1.75) (layer F.CrtYd) (width 0.05))
    (fp_line (start 0.76 -1.58) (end 0.76 -0.65) (layer F.SilkS) (width 0.12))
    (fp_line (start 0.76 1.58) (end 0.76 0.65) (layer F.SilkS) (width 0.12))
    (fp_text user %R (at 0 0 -180) (layer F.Fab)
      (effects (font (size 0.5 0.5) (thickness 0.075)))
    )
    (pad 3 smd rect (at 1.5 0 90) (size 1.9 0.8) (layers F.Cu F.Paste F.Mask)
      (net 15 /+6V_Switched))
    (pad 2 smd rect (at -1.5 0.95 90) (size 1.9 0.8) (layers F.Cu F.Paste F.Mask)
      (net 20 "Net-(D1-Pad2)"))
    (pad 1 smd rect (at -1.5 -0.95 90) (size 1.9 0.8) (layers F.Cu F.Paste F.Mask)
      (net 21 "Net-(D1-Pad1)"))
    (model ${KISYS3DMOD}/TO_SOT_Packages_SMD.3dshapes\SOT-23.wrl
      (at (xyz 0 0 0))
      (scale (xyz 1 1 1))
      (rotate (xyz 0 0 0))
    )
  )

  (module TO_SOT_Packages_SMD:SOT-23_Handsoldering locked (layer F.Cu) (tedit 5BF82F2E) (tstamp 5BF8332C)
    (at 166.75 99 18)
    (descr "SOT-23, Handsoldering")
    (tags SOT-23)
    (path /5BFBB460)
    (attr smd)
    (fp_text reference D2 (at 4.950142 0.136352 108) (layer F.SilkS)
      (effects (font (size 1 1) (thickness 0.15)))
    )
    (fp_text value LED_Dual_CCA (at 0 2.5 18) (layer F.Fab)
      (effects (font (size 1 1) (thickness 0.15)))
    )
    (fp_line (start 0.76 1.58) (end -0.7 1.58) (layer F.SilkS) (width 0.12))
    (fp_line (start -0.7 1.52) (end 0.7 1.52) (layer F.Fab) (width 0.1))
    (fp_line (start 0.7 -1.52) (end 0.7 1.52) (layer F.Fab) (width 0.1))
    (fp_line (start -0.7 -0.95) (end -0.15 -1.52) (layer F.Fab) (width 0.1))
    (fp_line (start -0.15 -1.52) (end 0.7 -1.52) (layer F.Fab) (width 0.1))
    (fp_line (start -0.7 -0.95) (end -0.7 1.5) (layer F.Fab) (width 0.1))
    (fp_line (start 0.76 -1.58) (end -2.4 -1.58) (layer F.SilkS) (width 0.12))
